This line is a comment block. Write whatever you want here.
This line is a comment block. Write whatever you want here.
This line is a comment block. Write whatever you want here.
This line is a comment block. Write whatever you want here.
This line is a comment block. Write whatever you want here.
This line is a comment block. Write whatever you want here.
This line is a comment block. Write whatever you want here.
bb206dbe0b73985b95e775c42f6d0fcc3c172928ec7b2b6ecdf19174649eb743 0 0 0 0
9219780a27e07ef3f3f7853ea69519e24a74b5acde64acab7f2c855b1986ecde 1 1 10 0
5e96838cd99506ee195301565a006ee555668533e2da0856681b61aa0053eac6 14 0 0 0
177af8d7c31d20e09665dcd18abe2d606dc12bfddfdb271bf8451ef40a8416eb 0 0 0 0
4b768d91e93d1dc845b352bda3a338f5ac22676e8f152f94dff845efd5d381d2 6 0 0 0
4fb756db648e7627baaf2ec6f97ace0806ad023a2b16d53be46908fdeab322ee 2 0 0 0
e9ccb153ff9546d10e990c0f56637eedfe2eb5e3fb451db39ea8c70e2e8bab44 1 0 0 0
c0a7e2578c007f1c596c48bb494bf1d1c01487eb0dcab450fe8ff8d3e3002908 1 0 0 0
19cc722ddc227e6cdfeeda949a1d7667eb2109aa5f01b91b29cdf8fc98a04e11 212 0 0 0
a3c8c73384998a8f10812943415797d129b44f7ec7a78129c9a5d156f4895a11 9 0 0 0
23c58c51fa4d64f17b640c8583e4979ab54d13b623bb2a83586b3920efe1e81b 4 0 0 0
f373669a5a0c0284fb0ce878484030f83f59607de9a9b42e4412945a28a29d24 0 0 0 0
25d494aada49200026ac20046ece8b92dd1e2db95208ce81c13c90e42cd3470f 1 0 0 0
4a274c82f4930e3c37703b2766a52fea9cb8b106900700d3c8ae7ed18ed06e3b 1 0 0 0
3eb0c27ccd1834bcd2ee75912442e0640b1e42167644d281238855c90e431763 1 0 0 0
86da0896bd0c7187d7e73ed6b98047cfe12edb500d64a1a9709d1cf653ea5fa8 1 0 0 0
03e20fcfb18dfe9977fd5c1e1e68b7f20022362df17ba03492005a98cef67185 0 0 0 0
9343b0c4b8c7f936993271143dbd8c4c8a6a854cb7ee7134cae5267546be9130 2 0 0 0
98fd6f6f267b983639bd801c7e6ac2df7270bdf86a16320d1910a597628ad7e5 1 0 0 0
7da02db7d67eee44de6be81808ddd51404a73355274ccd9f346e09db322ace3b 1 0 0 0
91577da49dff4b2929af31643909961ecc1fef1ba11c2af5f4f842ba9f759805 2 0 0 0
6613912e03662b9944b1c514f14c35840e31723cafabf682021920b96b2019bf 1 0 0 0
171afa796a78a22df068914883bfbae3ca8047d3cfc6fe60fb570a75173af5ed 2 0 0 0
47d9b5ef8babbd25c15577e6674e652f1d3522a0ac3c4c050f3b7dd6c9872376 3 0 0 0
53ba391100dfa24a0c7df073dd54abde8ba85f3c7889fd7f9d70544210b8383d 4 0 0 0
9e3cc2fb28d481c1b2fdb61fccd345ff1c1387b9cd1de5f44d19325891b8a34c 12 0 0 0
d219c54e82516ccd1471bdff8f1543141d0174c752b688b765dbcb0bd2cc63e7 2 0 0 0
55be0f698a6d0b0c9da18bbd6f9e89c62cf6c1947c0b9405b42a9ea04641eb7c 2 0 0 0
3ec56a18c6dcd78a621088fdbf538c36aab0e27850d6f53b8f50221dada70b72 6 0 0 0
40de9210214503af08cedfe10342514eb0a9462a04461c9740a6b757489b405b 6 0 0 0
7268d10a8339a6da2653d8255aaf73a2e8132c800ab89460c94478e100c4f6c7 2 0 0 0
fecaaa71745946f62b31054d461f2223f23cb169745a31692ab7b1c07d09cc26 9 0 0 0
07bb213898c62d1eb74b7a9f1dee1f965f57c8a2976461eb9530eca696ba9524 16 0 0 0
ded5be49e77398f928ac635a0bb635b9a9b8288f30f2073f4053202e6ff5d784 12 0 0 0
0bf8487ac4fe80252f0b9ed1824144dc5c0c81dc8d75706a2cf4e9b859ed2a3b 2 0 0 0
5e1b31e12b4759cac41a0b887037af3481a786936283517f5d39d63635cb4eb1 2 0 0 0
d40a1f0491ad217b0d624c9d6493b47a81cb28223953cf738bef23ce77ae0607 2 0 0 0
d22cf7f1609ad197c62d6ef90a9c2f724a3ab52ee3a147f3c12e5f7f2b0b13da 42 10 10249 3117
3785caac822a2c6afe6fe865643e115c37bf1ac2877e428f7d9016416293ead1 43 0 0 0
6bf35a9e73c25219b51685156b7dbe50b08b76690553034858489df1a35febc9 1 0 0 0
55f8053eda493c9feb1f5643df2a3931249293b973121174ea30fb04d83c7a4a 10 0 0 0
37698dfd091558ad49d5fc0f644c8f012e582d8c0eb6f68ad97793854eb6687b 2 0 0 0
45c36fd12a80dbd1c18a744e09cf909fbaca7493fb83fbf08bfa947a7c7706b6 11 0 0 0
36f471e1dc82c26b9c959d36f9593596497283692ef04d95cc562352031ebc64 3 0 0 0
d21cdbf8bfc029e7c9045c0d39f6b9a6c5516a807b5801685d0ef2876b49b598 8 0 0 0
16c5b9397ccce995e7eec4e042ee37023ee4c4e899cccd9e243f3a56676f745f 1 0 0 0
d132a0b4e16910aaa39f5fc8e26d339799a48cdea90388201ccee04e8dc8b20a 2 0 0 0
f0271707c98861ab5f6dcff23d1233e5c1f1745dd6f58c9dad355b43ea92f3ad 1 0 0 0
97be16f53c424be6730166833bf36f246e92d5aadf9167e7423a248c8ea3197e 6 0 0 0
e0e0b9256469cc42cfbfc5c384ad25788be00cb1f2baf4207d93f75495bc5f82 1 0 0 0
9f8652cc2b0cf2da231c064777ed2117a687089ad4185e9cabbcffd459fbdace 1 0 0 0
37f6fe64447be9baa236f32c11e697eb8039aa75689dfb1b1b8f31cbf4cce228 1 0 0 0
0f62f2a901711546807e9b2a8f992a13285848b931e7e7d221597bd555b74968 1 0 0 0
3f7c19c513b05b145731df96d9e4c406dc859f7d080aa8589c75c9f89ca54389 1 0 0 0
7dc4b155e1b4771f30c09f1bc7bed34a4df8bf78d376a55094bec1063474ec10 1 0 0 0
caf8e91f04931f1df3d349c88ef49bc828cbe64803e4b409d06081cda046e706 1 0 0 0
c109e94b3b8971f130a7e97336880acb441ee55e9799ca74f9765f52dd53d2a3 1 0 0 0
b932b956665586f50dbc6f2a2b19f6440f19e23f543747357f6d16468422256b 1 0 0 0
0c9f67fd14f96c2bb9279b7a38fdb42edea64098b2ea40e8b58225141b7558a9 1 0 0 0
53ff909d9ddd72a35490fb90dc0a34cff58e63f14f332e3c78c78d3a00f27b0a 1 0 0 0
cad9b87446c4f8e1bedd008161eafd88d1d3c0315eb7fe6eb8d467ea1fec5dde 1 0 0 0
008ace1a84a7a44554ad259d60839c05003f6053ccbe727c806763eea7d38ada 1 0 0 0
e7b369fe8efa28cdec9e1062309b154148aa61c22d7a48525622856eb12a8a92 1 0 0 0
6c9d26669df69b2b9367554c3dacac10e8972e52eb95a3e1e22668c59c92fb66 1 0 0 0
bc64d994e1e33ab386d4c42631b034bbda7e0b0159bc7139902a814a13a7b599 1 0 0 0
3108ec8aad84ac6201f6abf7bf00bbcf24b38dd4e40db5c00daa8ff21a4cfdf9 1 0 0 0
9765f06c066c2edbbd28de47c40c92d0d8d3eefa1a6b06848b88bbf026729548 1 0 0 0
671ccf9346ae7a55ac6f6014584e54a2909bf71fa81aa76bd4d079b55bb819cd 1 0 0 0
5c58a66d74e427d1cf70c567b2e7be7aebb1c12969dd036ab89eedc31074aad5 1 0 0 0
f6613bfc6f2ad6789e7fcfa9a0f4c4dbd5c57075b3597e35fde2f1ef9e733a8c 1 0 0 0
88a24226a5d70fc1f60524baa4daf6da3d3cf3a9d51235b0847fc5e0ab3496b2 1 0 0 0
2c3c664858aab75a61b95ce98210a9688494c134fda021aa2ca042ca386a19df 1 0 0 0
1d3a812f6b3a44024986fb86603554288a78858381d172a9294a7eb4575f7dae 1 0 0 0
8149cefaef5e447dcfc65788871a95632e53e55b0e1cf3481f4d8ba7175d05f0 1 0 0 0
cedbb0445a212f9a88b949e03cee7f0eaf9fc9a891501adba2f5718f3d05894e 1 0 0 0
829804d47ab91f94c732a8c97066b8dd3d9e52cb399fde859c5e76031b0db94b 1 0 0 0
805ba4318b34fdcb1a8a5bfe52c836dc3168782f9bd0d4e8ce4153a6fdf50ba3 1 0 0 0
10ee94a2dd0b4556aea95ef1dc208df84643ea29110ef118a2982638672648a4 1 0 0 0
31320a02652f8647e359a028d7db8fb6764b4181a7d9f53584b2503837379950 1 0 0 0
ae0d21b430b69afe5594ac8660436666b1fc0739365d50d17a0b2a9a7a9d0426 1 0 0 0
7981b772369d742adb9657cbbfda297b8d5dbef29534128707ca0238e863c92f 1 0 0 0
2ebc445582859663bac214deb3768279aa0468c983de359637e59954a86aad73 1 0 0 0
4e169a7da71169a36736bb812156dc180329947a074665c5eeca8d8a7ebbf893 1 0 0 0
7eb429a4827c82bd6f38d0cb52faad754ac6c6b59d30130ed3f471b1ce47abed 1 0 0 0
ec227cce1986dd0f73a011a07b59b177af8a0156b271138972f1cf5ab07e031f 1 0 0 0
b8a9239d67e0aad01896a8346b06fad2d2b31e570eeb4e72b95b0f79db697f60 1 0 0 0
49833b32a959d64d1271992fd4b532dc8de19b781dd5bdc62f60230813bdf123 1 0 0 0
241b75b946d0ac10da1cc9331231a64e2218d71504d523da62ba1ae22ad6ca4b 1 0 0 0
4d07ab8308d16dc39df868f0a0e9be21fd2ba4eda4b21019514b143619edb788 1 0 0 0
83c93198a2ed83c26ea1ba51f718ab1d59ea17e463b11f4764435f6f36658aa2 1 0 0 0
d66dac891ac836a070b84dd5a88461ca4958d6a26bed1d7d4381c78cb6a7b125 1 0 0 0
fc379670fb366176c3cb76e7ad33ba63bf94eb6a500baff6df97478a4383709b 1 0 0 0
a758586076f6b1aaeea18ef3203884c5f4fefc7a8277b061a10d92b767ce013a 1 0 0 0
fe595c6d31f276a4528c7f52984dee34abb828a8e49198794ab48d9d9642533e 1 0 0 0
eee119be663fbef9d2d140abc1e013bee16553743db51de375e95858f063c169 2 1 27731 0
420e9424ba7f8bd95ff290d615e0bc8c88bb1aab969b399393a47e5868d1e297 1 0 0 0
bfd0429aeff0596d6f2d7bdc19669631bbdef01a15beaf5d513b0bb8c8962e2e 1 0 0 0
84046babf198c12fd253af46e56ff39c1908beca30a8557bbfd5cd07c1d1096d 1 0 0 0
a6df3d2c5b7d5b30b40ec98550d0ae545720fce8a0a5eb1f3c3728beccf78bd6 11 3 3225 232
6082a3b8735398c3bdc544301989041275e2dce443b9183dd8200a2513d9fa41 5 5 1238 38
87044bab2f679859969e0fdb12aca505d389a10bd94ad7d89eaa4839db24abad 3 3 928 261
05bf369467a905c6d51210232ccde80d660bb51bfea58a40e59bf8cc2d3cc6d8 3 3 29097 534
066451c796e4b373f6e28a42cd37214743684025831cec66a4625a9dd61632b0 3 3 21327 25
62e0c4e28fbe39f8d091c4b430f48ca7769bc06053ad49cd2a6d633bca9b630f 1 1 21970 0
c10a225c34db4046d9ce95efbb1b93305d952ba9b45f784777dfd631882ae2a4 30 30 13648 1395
a0c43ea14d37f4a34bbbfc7e741ae7b6ac8607098dc29e61a96433c891212368 3 3 20907 12
a2c25d457f3eb4047172b33a990b60728d881f47547c8991bf40ebd73684e777 1 1 20938 0
33e5cdd62949c54561ac071a42be14ca8e078641e2bf1cc34708e24f578ff5d9 33 33 23824 2057
e8142a761c838693ccf21ecb2fd93c494ce0483a1e87f925508a5c31b11118b7 25 25 17362 1361
8618bab783bf36994ae66f45df1248c32efbc8e9f17917109045aff8a3b89c92 17 17 37212 4231
88e0769f1864342b6851feda9dd001c95ab9985c4c0947b13e276bedaf65248c 35 35 79268 7425
3faf9e63dcd0901b7fa8e5822121729d188e6e3ccb2ebb9d9c62bae05b3c6c40 11 2 834 0
be8562194c6d14a40bf78cc9c5bdb49ee9343f9b5d9d7bb0a3408a46c7e0ff87 1 1 285 0
128c282ed79e9434b06b2515bfcf1292e919d756e086bcc76f4566200b563ec8 1 1 8072 0
908a3b8f755d2aec7a40ed705a7c3db4421711c78267241d6cd293e1d2d15e74 1 1 68 0
8ab40068191cff2b50f04e60fd08b97b022d98e26ac0b2b0d4a4ab9f9004b455 1 1 4893 0
7d874b70fc9c9e13ed84edfdd49cd3a7a7814c3dbd52a70a92a9a4df1ebe6e97 1 1 180 0
273cfda1ca41ebe77f7fb0d39c98894e61de89d8b895850c207a77f3c165fe78 1 1 2790 0
2c065ac044870a00b783f829d1ec747589df843cff01dc4bcbc4589044374db1 1 1 18883 0
9ba8978e55b6525177165b8bf5de9c70856c88205e17a15cbcbec67f2212bff9 1 1 230 0
db316e2d8fa4a2261a4897f469d8de932ba621dcef7c7c02cb9cec4bb995b3ca 1 1 17700 0
dae673811841c5bcfb98704a433b85906d62efdcd7627998c16bdd4091208c2a 1 1 364 0
e00a834fc05fdb1a33578706e9c92d900d61602c62a694053fa7249df3161d6a 1 1 2853 0
1fa8f8219a69753f7e5647cc3a29841097968d394e61e1c18950ea7010375bad 1 1 4703 0
bb473cf72ed8adeb57261b3e2992f2f4718b03d8856402e76bb8261890fab657 1 1 4782 0
0f615cb402467d44e168fa8778d05a573f9ccbad60eba043bd70a0f1067c1501 1 1 4283 0
9f626d13749544a93370488d9fcf9ccae33457e951f05c4eaf5b58ee86ecf5f2 6 2 72 1
29aa370a320503a89f8d267fdafb01592c4dc6c6bb966ed15e442af77936bda2 1 1 18536 0
e7a481fc6fbcefc217a2335b4707c187fa771c9765bb7c7c54511421cedd0886 1 1 24994 0
22cac42c356d166940e2949ea51e24231842e4c1f4773f2a34044a59166574df 1 1 2459 0
ae0669a241b6545344852612ecd47bf4bb549639c3ceb4248223ad32d2c4c9fc 1 1 2933 0
202c4335e51d81fc8e4dee2f57a7c9ca34c7c22818f5bb751dfc18a46654fd91 1 1 5092 0
9cc6ede8767b874f2a8cc70cd4cd2fa7ffece05c11bdc5cb5092fc03d304f7ff 1 1 3058 0
49ddbf582f1fab1e5d05ab4b655c4daed7af7048d8c54c461150633be6a59ed2 1 1 82545 0
ce71bd01bd1e724451e89cb6c60ffe7f8bf73d116dfc3ec03be56fb0bf279626 1 1 12928 0
5041d4a4d6858ad2656eee7f157bc80fd47cdd56981328c2ed353d1cb304780e 1 1 6198 0
